case_id classification accuracy: 0.1495

              precision    recall  f1-score   support

      165070       0.21      0.23      0.22       331
      169598       0.15      0.09      0.11       373
      170215       0.17      0.18      0.18       359
      179083       0.18      0.19      0.18       497
      180371       0.17      0.22      0.19       345
      182747       0.12      0.08      0.09       317
      183038       0.12      0.11      0.12       414
      183079       0.12      0.14      0.13       442
      183214       0.16      0.18      0.17       469
      183262       0.11      0.08      0.09       428
      183786       0.18      0.21      0.19       469
      185290       0.15      0.17      0.16       511
      185824       0.14      0.17      0.15       442
      186193       0.12      0.09      0.10       386
       75263       0.14      0.17      0.15       442
       79488       0.16      0.13      0.15       345
     Q242362       0.11      0.08      0.10       331
     Q242664       0.16      0.15      0.15       414
     Q250870       0.13      0.13      0.13       483
     Q251136       0.14      0.15      0.14       455

    accuracy                           0.15      8253
   macro avg       0.15      0.15      0.15      8253
weighted avg       0.15      0.15      0.15      8253
